#### Load data:

# Loads the data for the Buses and assigns the columns
param: BUS: bus_num bus_Pd bus_Solar bus_Wind:= 
1	1	108 1 1
2	2	97 0 0
3	3	90 0 0
4	4	154 0 0
5	5	171 0 0
6	6	148 0 0
7	7	62 1 0
8	8	85 0 0
9	9	175 0 0
10	10	100 0 0
11	11	0 0 0
12	12	0 0 0
13	13	130 2 2
14	14	192 0 0
15	15	158 2 1
16	16	100 0 0
17	17	0 0 0
18	18	162 1 0
19	19	190 0 0
20	20	165 0 0
21	21	100 1 0
22	22	0 0 0
23	23	0 1 1
24	24	0 0 0;

# Loads the data for the GENs and assigns the columns
param: GEND: genD_bus genD_minUP genD_minDN genD_status genD_Pmax genD_Pmin genC_Startup genC_Cost genC_NLoad SPRamp NSRamp HRamp StartRamp gen_Style inertia_constant resC:= 
1	1	1	1	1	50	15.8	75.85	163.02	1138.68	20	20	20	20	0 4 10
2	1	1	1	1	50	15.8	75.85	163.02	1138.68	20	20	20	20	0 4 10
3	1	1	1	1	50	15.8	75.85	163.02	1138.68	20	20	20	20	0 4 10
4	1	1	1	1	50	15.8	75.85	163.02	1138.68	20	20	20	20	0 4 10
5	2	1	1	1	20	15.8	75.85	163.02	1138.68	20	20	20	20	0 4 10
6	2	1	1	1	20	15.8	75.85	163.02	1138.68	20	20	20	20	0 4 10 
7	2	8	4	1	76	15.2	1060.88	19.64	130.63	20	0	76	76	0 4 10
8	2	8	4	1	76	15.2	1060.88	19.64	130.63	20	0	76	76	0 4 10
9	2	8	4	1	76	15.2	1060.88	19.64	130.63	20	0	76	76	0 4 10
10	2	8	4	1	76	15.2	1060.88	19.64	130.63	20	0	76	76	0 4 10
11	7	1	1	1	50	15.8	75.85	163.02	1138.68	20	20	20	20	0 4 10
12	7	1	1	1	50	15.8	75.85	163.02	1138.68	20	20	20	20	0 4 10
13	7	1	1	1	50	15.8	75.85	163.02	1138.68	20	20	20	20	0 4 10
14	13	12	10	1	197	68.95	6510	74.75	1159.93	30	0	180	197	0 4 10
15	13	12	10	1	197	68.95	6510	74.75	1159.93	30	0	180	197	0 4 10
16	13	12	10	1	197	68.95	6510	74.75	1159.93	30	0	180	197	0 4 10
17	13	8	4	1	76	15.2	1060.88	19.64	130.63	20	0	76	76	0 4 10
18	13	8	4	1	76	15.2	1060.88	19.64	130.63	20	0	76	76	0 4 10
19	13	8	4	1	76	15.2	1060.88	19.64	130.63	20	0	76	76	0 4 10
20	15	4	2	1	120	2.4	571.2	94.74	72.68	10	0	12	12	0 4 10
21	15	4	2	1	120	2.4	571.2	94.74	72.68	10	0	12	12	0 4 10
22	15	4	2	1	120	2.4	571.2	94.74	72.68	10	0	12	12	0 4 10
23	15	4	2	1	120	2.4	571.2	94.74	72.68	10	0	12	12	0 4 10
24	15	4	2	1	120	2.4	571.2	94.74	72.68	10	0	12	12	0 4 10
25	15	8	8	1	155	54.25	1696.34	15.46	252.67	30	0	155	155	0 5 10
26	15	8	8	1	155	54.25	1696.34	15.46	252.67	30	0	155	155	0 5 10
27	16	8	8	1	155	54.25	1696.34	15.46	252.67	30	0	155	155	0 5 10
28	16	8	8	1	155	54.25	1696.34	15.46	252.67	30	0	155	155	0 5 10
29	16	8	8	1	155	54.25	1696.34	15.46	252.67	30	0	155	155	0 5 10
30	18	18	18	1	400	50	2400	5.46	215.08	200	0	400	400	0 3.25 6
31	21	8	4	1	76	15.2	1060.88	19.64	130.63	20	0	76	76	0 4 10
32	21	8	4	1	76	15.2	1060.88	19.64	130.63	20	0	76	76	0 4 10
33	21	8	4	1	76	15.2	1060.88	19.64	130.63	20	0	76	76	0 4 10
34	21	8	4	1	76	15.2	1060.88	19.64	130.63	20	0	76	76	0 4 10
35	21	8	4	1	76	15.2	1060.88	19.64	130.63	20	0	76	76	0 4 10
36	22	18	18	1	400	50	2400	5.46	215.08	200	0	400	400	0 3.25 6
37	23	8	8	1	155	54.25 1696.34	15.46	252.67	30	0	155	155	0 4 10
38	23	8	8	1	155	54.25 1696.34	15.46	252.67	30	0	155	155	0 4 10
39	23	8	4	1	76	15.2	1060.88	19.64	130.63	20	0	76	76	0 4 10
40	23	8	4	1	76	15.2	1060.88	19.64	130.63	20	0	76	76	0 4 10
41	23	8	4	1	76	15.2	1060.88	19.64	130.63	20	0	76	76	0 4 10;  

param: BRANCH: branch_fbus branch_tbus branch_b branch_rateA branch_rateC branch_radial:=
1	1	2	-624.1095	157.5	180		0
2	1	3	-4.4435		157.5	198		0
3	1	5	-11.01	157.5	198		0
4	2	4	-7.34356		157.5	198		0
5	2	6	-4.8694		157.5	198		0
6	3	9	-7.84172		157.5	198		0
7	3	24	-11.9048	360		540		0
8	4	9	-8.7326		157.5	198		0
9	5	10	-11.91	157.5	198		0
10	6	10	-20.5417	157.5	180		0
11	7	8	-15.3143	157.5	198		0
12	8	9	-5.6916		157.5	198		0
13	8	10	-5.6916		157.5	198		0
14	9	11	-11.91	460		540		0
15	9	12	-11.91	460		540		0
16	10	11	-11.91	460		540		0
17	10	12	-11.91	460		540		0
18  11  13  -20.7572    450		562.5	0
19	11	14	-23.6123	450		562.5	0
20	12	13	-20.6979	450		562.5	0
21	12	23	-10.2048	450		562.5	0
22	13	23	-11.3986	450		562.5	0
23	14	16	-25.3641	315		393.75	0
24	15	16	-5.7898	450		562.5	0
25	15	21	-20.1037	450		562.5	0
26	15	21	-20.1037	450		562.5	0
27	15	24	-18.9881	450		562.5	0
28	16	17	-38.0366	450		562.5	0
29	16	19	-42.7937	450		562.5	0
30	17	18	-68.4569	450		562.5	0
31	17	22	-9.3725		450		562.5	0
32	18	21	-37.9187	450		562.5	0
33	18	21	-37.9187	450		562.5	0
34	19	20	-24.8242	450		562.5	0
35	19	20	-24.8242	450		562.5	0
36	20	23	-45.4914	450		562.5	0
37	20	23	-45.4914	450		562.5	0
38	21	22	-14.5549	450		562.5	0;

# Loads the data for the Load's percentage of peak annual load
param: PERIOD: load_pcnt Solar_pcnt Wind_pcnt:= 
1	80 0 38.06
2	75 0 37.08
3	60 0 35.18
4	65 0 34.05
5	70 0 32.57
6	90 0 32.44
7	115 1.2 45.86
8	130 6.7 81.69
9	135 14.8 122.29
10 120 22.8 155.24
11 125 28.7 159.23
12 135 33.3 152.91
13 130 35.7 143.33
14 135 32.5 133.18
15 130 29.1 120.31
16 130 22.9 108.15
17 135 15.1 92.19
18 130 5.8 72.56
19 135 1.4 31.38
20 130 0 36.26
21 120 0 42.82
22 115 0 40.51
23 100 0 38.27
24 85 0 38.55;

param: SEG: num := 
1	1	
2	2	
3   3;



